2 0.8560855263157895 0.37664473684210525 0.054276315789473686 0.1611842105263158
2 0.06578947368421052 0.42023026315789475 0.05263157894736842 0.12335526315789473
2 0.5016447368421053 0.48601973684210525 0.05921052631578947 0.23848684210526316
2 0.17516447368421054 0.4909539473684211 0.047697368421052634 0.10032894736842106
2 0.7129934210526315 0.49506578947368424 0.06414473684210527 0.16776315789473684
2 0.9728618421052632 0.5057565789473685 0.054276315789473686 0.22532894736842105
2 0.546875 0.524671052631579 0.07730263157894737 0.2631578947368421
2 0.10279605263157894 0.5304276315789473 0.05098684210526316 0.25493421052631576
2 0.03618421052631579 0.5493421052631579 0.07236842105263158 0.25
2 0.26480263157894735 0.6907894736842105 0.07894736842105263 0.3223684210526316
2 0.7286184210526315 0.694078947368421 0.06907894736842106 0.3059210526315789