2 0.8256578947368421 0.2532894736842105 0.049342105263157895 0.14802631578947367
2 0.7763157894736842 0.25493421052631576 0.046052631578947366 0.14473684210526316
2 0.2080592105263158 0.3034539473684211 0.044407894736842105 0.14638157894736842
2 0.4194078947368421 0.3824013157894737 0.0625 0.22532894736842105
2 0.8791118421052632 0.39473684210526316 0.06085526315789474 0.22039473684210525
2 0.3363486842105263 0.40789473684210525 0.047697368421052634 0.22697368421052633
2 0.1611842105263158 0.42598684210526316 0.06578947368421052 0.19736842105263158
2 0.4629934210526316 0.4317434210526316 0.06085526315789474 0.21217105263157895
2 0.18338815789473684 0.43256578947368424 0.06085526315789474 0.23355263157894737
2 0.6644736842105263 0.4432565789473684 0.05921052631578947 0.2582236842105263
2 0.5764802631578947 0.46710526315789475 0.07401315789473684 0.23684210526315788
2 0.36430921052631576 0.48273026315789475 0.07072368421052631 0.25493421052631576
2 0.7269736842105263 0.48848684210526316 0.06578947368421052 0.22039473684210525
2 0.7269736842105263 0.696546052631579 0.09210526315789473 0.32401315789473684