2 0.8495065789473685 0.22779605263157895 0.0805921052631579 0.24835526315789475
2 0.04111842105263158 0.24835526315789475 0.08223684210526316 0.2236842105263158
2 0.18832236842105263 0.27960526315789475 0.08717105263157894 0.26644736842105265
2 0.9745065789473685 0.2845394736842105 0.05098684210526316 0.27960526315789475
2 0.11266447368421052 0.29769736842105265 0.12006578947368421 0.2565789473684211
2 0.2713815789473684 0.3667763157894737 0.08552631578947369 0.24671052631578946
2 0.9547697368421053 0.37088815789473684 0.09046052631578948 0.30756578947368424
1 0.4967105263157895 0.3824013157894737 0.09210526315789473 0.31085526315789475
2 0.7203947368421053 0.3939144736842105 0.1118421052631579 0.29769736842105265
2 0.02631578947368421 0.4564144736842105 0.05263157894736842 0.37006578947368424
2 0.4317434210526316 0.6389802631578947 0.17927631578947367 0.42598684210526316
2 0.2565789473684211 0.15953947368421054 0.06907894736842106 0.22697368421052633