2 0.8067434210526315 0.24259868421052633 0.08388157894736842 0.22532894736842105
2 0.02631578947368421 0.2574013157894737 0.05263157894736842 0.26151315789473684
2 0.18009868421052633 0.29851973684210525 0.08717105263157894 0.2680921052631579
2 0.9588815789473685 0.30756578947368424 0.08223684210526316 0.27960526315789475
2 0.08552631578947369 0.3149671052631579 0.10526315789473684 0.2582236842105263
2 0.265625 0.37417763157894735 0.0805921052631579 0.23848684210526316
2 0.8486842105263158 0.3873355263157895 0.125 0.2911184210526316
2 0.6850328947368421 0.41036184210526316 0.07730263157894737 0.2944078947368421
1 0.4786184210526316 0.4292763157894737 0.1118421052631579 0.2894736842105263
2 0.25411184210526316 0.634046052631579 0.13322368421052633 0.4555921052631579
2 0.23601973684210525 0.16036184210526316 0.06414473684210527 0.20559210526315788