2 0.8141447368421053 0.17516447368421054 0.06907894736842106 0.17927631578947367
2 0.028782894736842105 0.18092105263157895 0.05756578947368421 0.23026315789473684
2 0.10608552631578948 0.24259868421052633 0.07401315789473684 0.21546052631578946
2 0.25411184210526316 0.24835526315789475 0.07072368421052631 0.23355263157894737
2 0.9629934210526315 0.2746710526315789 0.07401315789473684 0.27631578947368424
2 0.8273026315789473 0.3519736842105263 0.08552631578947369 0.3026315789473684
2 0.25493421052631576 0.3569078947368421 0.11513157894736842 0.2730263157894737
2 0.039473684210526314 0.38651315789473684 0.07236842105263158 0.28618421052631576
2 0.7491776315789473 0.3939144736842105 0.1069078947368421 0.31414473684210525
1 0.5641447368421053 0.40625 0.11842105263157894 0.3059210526315789
2 0.1225328947368421 0.4769736842105263 0.12335526315789473 0.3190789473684211
2 0.0962171052631579 0.5995065789473685 0.1924342105263158 0.43256578947368424
2 0.31085526315789475 0.13322368421052633 0.07236842105263158 0.20065789473684212
2 0.21463815789473684 0.140625 0.001644736842105263 0.004934210526315789