2 0.12088815789473684 0.1875 0.07072368421052631 0.20065789473684212
2 0.2837171052631579 0.20970394736842105 0.1069078947368421 0.26480263157894735
2 0.9827302631578947 0.21299342105263158 0.03453947368421053 0.2944078947368421
2 0.19325657894736842 0.29523026315789475 0.13980263157894737 0.31414473684210525
2 0.8149671052631579 0.29769736842105265 0.07730263157894737 0.3059210526315789
2 0.05674342105263158 0.328125 0.1069078947368421 0.2845394736842105
1 0.5501644736842105 0.3495065789473684 0.13322368421052633 0.3371710526315789
2 0.819078947368421 0.35526315789473684 0.10855263157894737 0.3355263157894737
2 0.13733552631578946 0.40460526315789475 0.09703947368421052 0.35855263157894735
2 0.07072368421052631 0.5863486842105263 0.14144736842105263 0.3667763157894737
2 0.35444078947368424 0.08552631578947369 0.044407894736842105 0.17105263157894737
2 0.8149671052631579 0.10855263157894737 0.054276315789473686 0.18421052631578946
2 0.044407894736842105 0.11759868421052631 0.07894736842105263 0.23519736842105263